1,47.57872863078891,1,46.539018573886665,47.644213171649106,10.095563012051976,10.361429690213692,10.061923842542186,11.33854155354799,11.131976491647295,12.499427687022385
1,57.11487394741001,1,41.98581302282157,52.142369309135326,10.363832945218133,10.068199392855172,9.910974489688055,9.648742238466056,10.8310121968367,8.758393492958378
1,66.39976935426918,1,47.872082513864854,47.814386358624716,10.24184432902774,9.864560402513824,12.071987486311862,11.191302546325613,9.803030474538609,9.311382217907004
1,80.08192552088343,1,46.21495599834888,51.476139022205366,10.117659661262723,10.006861412704199,7.798838761833621,10.04291787537925,11.187438712918258,10.697560289062475
1,87.52728813959372,1,49.299659594921955,49.21037941254609,10.093823938683892,10.066066660086738,10.441525318514177,8.559662826541619,7.880092860134786,10.095899182767814
1,98.17023569816264,1,48.170235698162394,48.170235698162394,10.25194153732887,10.025226244104735,9.237693086558417,10.537797226235641,11.95474643870412,8.872371877098942
1,108.44771236201666,1,48.4477123620165,48.4477123620165,9.563554476567425,9.769829669812658,8.274147273958478,11.248656329369659,12.088954080644752,10.56226838606198
1,120.55089865798205,1,46.42415117846127,52.44860005367417,9.71685302453715,10.271824024607165,8.528502537045567,8.820281266472007,9.56083876503531,7.916538481355126
1,127.82452609211597,1,50.28486320474066,50.465199383083004,10.378750261958787,10.018077905274234,12.151128230182882,7.68844745676375,9.633124731176004,9.891064659877953
1,140.2520316059489,1,46.011444984837915,52.38826697147099,9.661851494898873,10.484072379403894,9.39754490572827,11.089745151298045,11.390847074375046,10.707775660860715
1,147.9523945512995,1,47.20735713710398,51.74958807017724,9.815850006819156,9.703600298751656,9.871429371608748,10.819370535751975,10.349139885793448,9.366502659473976
1,158.67448692382388,1,49.58742476719667,49.53658357862578,10.412880494965895,10.23525510703708,10.9883836953246,8.726281668758062,9.397512863035116,9.236487509468539
1,170.48230805712086,1,47.1744940210629,51.47035640555384,9.546360854424,10.076490526813808,7.820624604908372,10.668376828544531,9.897019482261392,8.606447806662135
1,177.78171296679847,1,48.7444088437995,48.688584073382785,9.812854526607099,10.326032245549765,9.732749085438417,9.90035099663473,10.996725801700252,9.322105277349305
1,187.6150780356073,1,48.03090648560595,48.02466440974132,10.09648359122073,9.645422829089666,10.468733925483955,8.116886971040627,11.485884142169297,11.890083790819922
1,198.87746885934686,1,47.854274837008525,49.32451932613101,10.425424811019159,9.820481317914659,9.600323559218014,8.623836725942036,9.748218591067223,11.67708323929254
1,208.4924633414778,1,48.49246334147907,48.49246334147907,10.420019113866843,9.973458622612505,9.496963325275924,12.360050367103291,8.634728847880044,12.083235696206671
1,220.60647370114597,1,47.772855295650544,51.20754427200757,10.102026401050052,10.226669838697042,8.227435133051838,8.74250774122548,8.321417830287722,11.81854990991566
1,227.58987643521402,1,44.15891583520446,48.501760174713205,10.084556278108405,9.868384947367593,10.053350087060597,9.557410011233024,11.46835093727486,9.661349910424944
1,236.41449742842815,1,42.26605248866487,51.64156082270387,10.412206619483554,10.321759089402299,11.424655842368423,10.369886739980487,11.246450786456322,11.327615835126995
1,248.3028289474289,1,49.50131142388392,50.0040389545262,9.570940734618127,10.467583573302228,11.637314769088793,10.174974565032574,9.048436029826558,9.33013018072745
1,259.65043025653773,1,45.10501458509369,51.88921707978553,10.437234607217915,10.121639050749412,8.563307234426924,11.262524906901286,9.950308921960284,7.956338444130476
1,264.34575048952087,1,40.2689856182746,49.45983810067785,10.186025340388875,9.717431819329976,11.113119917318317,7.518695638553159,10.239798866515901,11.743829557399186
1,275.71879698561605,1,45.26281320429633,50.25006281227322,10.426992242109002,10.495094812245373,11.340871266223468,10.636683152742208,7.578167397380227,12.082341391521702
1,288.18972951776294,1,46.93567879479282,48.934484217550796,10.088701557086782,9.747234361622796,10.352234052377081,9.959352176420191,10.611781559535629,7.8211993045490305
1,298.23362179527817,1,47.2519843292977,49.29886138474886,9.820146242213408,9.922503944970446,8.425308358399752,7.926418464928175,11.099861257746843,12.011092077512773
1,306.8201855141843,1,47.61873149409607,47.60398185170739,9.929212156738874,9.637686366467193,11.00460290566072,9.348840570381089,7.8748073518840505,8.159093399953319
1,319.78405735367346,1,49.78405735367627,49.78405735367627,10.12760152048676,9.89906530696086,8.47828092877324,8.983078089376278,8.201516849290435,10.625833658248503
1,329.6982964306528,1,46.28381184869434,51.1710595323338,9.601745361415139,10.083867895530291,8.89882585565504,8.127871280586143,8.352090594653415,10.043729257250796
1,338.6405948470886,1,47.7702701837798,48.68640140831688,10.179235828190116,10.48255909492443,9.05728385835218,12.21619897307818,11.462340664604538,10.885174936228163
1,347.5965502581593,1,47.49809390780676,51.691372355341855,9.610309902814945,10.452769561184146,10.571239687898784,7.625071406808891,11.986503500806553,9.559605750823108
1,358.87018654101604,1,47.811999670536366,48.93773038381343,10.23391557524575,10.485638000728045,8.896680809501277,12.175813324260087,12.316563939843014,7.6683352623592445
1,367.37040468262967,1,45.4685544987835,50.30986062684071,9.547891709562961,9.735349335030692,9.42390785319445,10.047494215434375,8.382598669613433,11.296075674887316
1,377.33008873761406,1,48.30411405811306,48.29990402282223,10.452793058510313,9.812649852636676,11.06764643351088,8.07616137045446,12.30054289219189,8.468046200529686
1,389.48720762901,1,46.127930111449174,50.40726452872555,10.188891469705954,9.89312077039769,9.011516304401354,11.662533647811442,11.383788238564415,8.151576324837823
1,397.5688029953001,1,47.81384358065618,49.90389844844123,10.235884673282303,10.440991271917285,9.517015696915543,9.760809116562235,9.085016795537227,10.431109693928219
1,407.12864233270784,1,45.09003911057314,48.656795439682696,9.694843746413296,10.099272348232995,10.957175278511588,9.671246529430976,9.684678954955007,8.73551510884677
1,417.00856787659825,1,43.58463793853481,51.94905474655887,9.921930681738512,9.546992739688429,11.485039097216081,8.609173524344191,9.792520206291623,11.246611578272862
1,429.1729201873602,1,51.149593437832,51.49096350182907,10.4334171774946,10.374318117760534,9.997128029837262,10.273080282008817,10.97856350241829,9.86781179159771
1,439.0624850045549,1,49.062485004556805,49.062485004556805,10.351535979505933,10.276334828146396,8.302043432729091,10.884453287949274,9.099953325439966,11.381792565363023
1,447.6150989875891,1,44.936087334905174,49.47856079968678,9.910695974801303,10.116279520139244,8.654364763422564,10.422006548255279,12.140068417681103,11.676096885864862
1,456.55389836278397,1,47.86676938829192,47.818634204491474,9.793592285052203,9.658995693025421,12.064000100967702,11.022965689767567,9.626307777342518,10.165574499033943
1,469.05640227693397,1,45.38843822704532,52.11180160435597,10.316742671358183,10.025398655895332,9.041143743084536,10.774061884171262,7.942958038750488,7.790566899743052
1,478.3270160831998,1,48.925747381163454,48.91899756097275,9.734981446420809,10.168729924149531,10.686998653126539,12.364890616942136,12.10554799155986,8.21974333637668
1,489.0186511177844,1,47.60498408315671,50.50361860255178,10.18444212367532,9.923382541642413,9.290418344736725,12.326293916996141,10.81309467079485,8.136494390618722
1,498.1527267053768,1,45.8229340441014,48.53199527814345,10.03356012608133,10.427078418799876,8.84062675951086,7.8264193916068185,7.844650385620939,8.737788220924308
1,505.6159932831006,1,40.833488058142734,50.495114775229325,9.661626717086508,9.967178825476118,12.116169794225419,9.247114570682244,9.116554708949575,11.824396439413563
1,516.2780669918992,1,41.55344105263135,51.293003272896456,9.934425573322109,9.551909732382994,12.260256995691817,8.013311506840953,10.966797629272357,10.111396834068817
1,528.67317275119,1,48.67317275118881,48.67317275118881,9.896482915675099,9.757282640668185,8.00264748957651,10.398058757021106,11.482902021898656,7.637856962993723
1,541.1844801791816,1,47.34430257660116,52.46453938004182,10.449462864164959,9.650492630728495,7.938239145536215,9.27585625085586,7.939729368566233,12.40460698745583
1,548.6183949201343,1,48.86727510101764,48.79821899070484,10.036238970522778,9.840574724319948,10.52251403917945,12.0469499107789,9.663616472816898,9.619006999816817
1,561.1853962605625,1,48.49254767405943,51.75660656679272,9.600173213921114,9.957099702455157,7.693999324962393,9.205241491840193,11.889249149016411,10.17561464262166
1,568.7354230264967,1,51.233206637490326,51.142145518641726,10.339133927842314,10.10769080842574,11.283897586358606,9.272471139495252,12.425678881524277,10.251660770895455
1,581.0756431978041,1,49.20219805255972,51.30719259777688,10.023783548652965,10.115142470989676,7.623044771582235,12.071327649060272,9.19788832013388,9.14623779907913
1,587.2370546008528,1,42.336719019984905,52.23638686012193,9.899667840136722,9.584922305698022,12.006349967468806,8.560143440808643,7.980313135657632,8.74210785135344
1,595.0493931668776,1,39.88028763783994,50.32292507023918,10.442637432399101,10.103837685863104,10.92487545506928,11.70182971868896,10.888725021443436,9.219037033163147
1,603.3222425382008,1,43.63751075276667,47.530154004139916,10.48713332194588,10.12064814859314,11.225711262308623,9.089709459939403,12.446883327444198,11.897561415321691
1,616.2317649348398,1,48.78615197895869,48.87988319779283,10.496867208601655,10.309404770933245,11.609801949459417,9.302903219290824,11.294360522408622,11.34209190532507
1,628.2341393524569,1,44.560084465468336,49.45882431478716,9.99742826391607,10.466297908197639,8.12788077410428,10.21392401667606,11.851948188504087,10.102263187473287
1,634.4895547460486,1,45.3894298466938,48.38456608194893,10.4403472886807,10.240794526390548,11.584668710567376,8.721138564564848,11.511050643837866,10.721434092692604
1,647.8331600304955,1,48.480911310868436,48.422487203823906,10.018149772247689,10.25184620042567,11.011493358730007,7.628750172519285,10.163470624760414,10.89124454240405
1,660.6891005162518,1,48.033039044093435,51.19501698713649,10.199928848526037,10.389949300614322,8.617484658417071,11.646960100801516,10.137994831222143,8.881136315572697
1,669.1746471664669,1,49.174647166472404,49.174647166472404,10.006969534686785,10.355838357175772,7.879503450097735,10.734962737881444,10.860184996413203,7.621743342076758
1,680.7888945041265,1,47.16504391883532,51.902103507454385,10.29795562743256,9.736594102888091,7.680959388305167,10.259432304998743,8.801780384059647,12.071057765702555
1,685.4355956147825,1,42.90818021052688,50.12108190800457,9.583290188377351,10.169947235787154,11.659674062254204,8.691156499879876,9.536119050986116,10.742277889686402
1,697.7709549290012,1,47.77095492900666,47.77095492900666,10.13806114985416,10.397559200866409,8.174945867314634,9.812472063302465,9.965982921501668,8.52224547745525
1,708.0288575355303,1,48.028857535527955,48.028857535527955,10.43318314405975,10.258061412664636,7.553972817095163,7.65816203919739,10.040273452425335,9.159376323565816
1,719.7298216816159,1,49.754709763625215,50.84255451539435,10.154246930391935,9.920633837714757,9.527789206496353,8.66246661998998,9.525924313665454,12.049992796839902
1,728.9857886541118,1,47.80577152253272,50.64549958562423,10.32760753133921,9.909904545005402,10.016873693845032,11.734867236111981,11.651456782835139,9.201962829489128
1,738.9993477571414,1,47.234073319547065,49.19548936131959,10.323242325118342,9.722951240285823,7.67658206751233,8.237298575353421,11.688585135634746,9.504552824880992
1,746.4297295484603,1,47.911648542071966,49.72832044663364,9.753910525794625,10.08918602728746,11.862565431624624,10.085444800971825,9.788276799161114,8.683399665544657
1,759.8678553928585,1,49.86785539286371,49.86785539286371,9.540145142618243,10.17390488107928,9.926325474394702,10.446776852149208,8.637674885150533,9.569509033298042
1,770.8941863270866,1,47.443416896678364,51.983902989321045,9.660608707750459,10.276282830761065,8.001066175324995,7.757986536920767,7.7542885036146,8.561185781888165
1,775.7088613845992,1,40.58197612391888,50.93932008488929,10.357343960970544,9.822596061040286,10.68799707933022,10.034473816877945,12.483857468047532,10.407802121163105
1,785.5019317740353,1,41.77354388457179,50.41774059218799,9.815450922098268,9.70545265260302,11.30324402951126,7.694543478057508,12.018297723986677,9.694311551088791
1,797.2906163302205,1,48.430665901084765,50.27333905851733,9.5867213981618,10.269812552426405,10.595524610043105,9.37096814611289,12.00013332979379,8.65541247923675
1,807.7092036231079,1,44.38056032735836,48.5940328536256,10.276762259188267,10.496578382184376,8.094743930138364,11.432572387316222,8.529821731220803,12.198269795332147
1,813.8491268351927,1,43.062315399062214,48.41953158782144,10.265138760614894,10.184538622117868,11.501666249662737,8.188495635798223,11.642378121374719,12.262699416822453
1,826.3901371969175,1,47.26499400358388,50.30563859278327,10.478069208944982,10.18144362368128,10.778821169354886,10.997788874838946,7.569705366875035,9.897722775204432
1,837.9340487667649,1,45.97473832358891,48.176210731655146,10.483201943172903,9.964996442821803,9.852796794236168,10.757003669433287,10.355036446658342,9.683396815863356
1,847.104831502127,1,44.60525408483791,52.15418394123171,10.426006278779646,10.124539595403876,10.088080791083936,9.488425981999738,9.63589383531382,12.376826220391807
1,857.7380180153182,1,46.964304832638206,48.3130696179814,9.577308438977118,9.544218422783826,10.942600519208053,8.001614672307946,7.661973783232675,7.911264280958756
1,868.1447209945782,1,43.55066473132969,51.54032779784755,9.511503650616234,10.338403323886903,9.465123416174691,7.8508996094380095,9.864361601835842,12.12720820437369
1,874.7417807037241,1,44.77658732047645,48.95402511004997,10.184975854120001,9.840151027701719,11.544669898051204,12.06149389517616,9.542482739666282,11.86439531266938
1,887.5641821509726,1,47.56418215097496,47.56418215097496,10.43425618250496,10.193487020983284,9.07209723635424,10.346880304813297,8.48519788102564,9.293606104112586
1,900.6998567429064,1,48.31781596593272,51.12021688001908,9.66345142788417,10.350289819169689,8.424010508323915,10.790123874300674,11.5924467411829,7.617181349271438
1,907.4169513559991,1,42.59541686580252,52.33589058337262,9.740473717570303,9.522558666312426,11.929155841703611,11.211770702476333,9.81384770950062,11.517158105714621
1,917.8506595460564,1,47.93489467007257,47.93316282134357,10.371602923645876,10.390845687301494,10.227452981970828,9.69698590314496,11.970659467369554,11.979932161247195
1,930.1858868378338,1,49.77740424921085,50.19636075036805,10.473912528930242,9.619633921723125,9.681823483532824,10.004589918907982,12.277509981410885,11.37635212453435
1,939.8685365771894,1,49.99625936369883,49.97807068817118,10.315090778684235,10.480442374389959,10.252970248980876,8.830646764825946,11.630300749723252,10.926152263235949
1,951.0974906891054,1,50.299028738595645,52.34815526431477,10.440188012345374,9.633439295814675,10.497265276710442,8.149263227545454,11.976690993828647,8.925630090814153
1,960.9457015737747,1,47.21025116214201,52.32730652054025,9.65482143093986,10.368345192745355,7.5979013037481336,12.103252252696596,9.33556874277182,9.367474125756347
1,967.3988882076202,1,49.422660415841875,49.39653714830319,9.584368783060139,9.855406461658632,11.589464390357323,9.16731935992864,12.281915178407868,11.831649500756269
1,979.7757291860773,1,46.509398636254026,50.724018700538956,9.578681964283906,10.207221108075977,9.186081754905867,11.55642684575893,8.96346810799849,9.776246882848481
1,987.9770789419864,1,44.209928034487355,49.30067250408144,9.981851901164658,10.402197928886924,8.873305072064532,10.101992713704693,11.965591119416075,10.60720033312943
1,994.6023414036612,1,42.45041025129315,49.425918347231324,10.036555990341135,10.370429972344093,10.173879780276392,9.068579874183682,11.590754545846423,12.155781913993113
1,1005.6315891410993,1,47.96275870266096,48.23498916484032,9.942519247828914,9.792763988189899,11.247562585969652,11.633732739917889,9.369034609024787,11.442778262732658
1,1017.6777670046708,1,45.10112338683943,48.20921616210849,9.838620670009487,10.413846943350167,10.23513886529415,8.00361702009653,9.866036011079236,7.858254816020365
1,1026.9479630597318,1,42.1325162059474,51.86069166813844,9.728175462191226,9.919930712157493,12.006798611828227,9.387118833204191,10.104646988972124,9.135815251050419
2,60.91731243574515,1,49.59017675060258,51.03271553880097,9.616925254655714,9.682216396519168,8.22502691512004,12.301059500563863,12.167029158634382,9.750262237638763
2,68.6790817380837,1,46.47876299682145,49.50743199017408,10.383266760898175,9.916519452047766,9.882163483437788,8.929182326765288,10.793251423553686,7.617564496613985
2,78.25812191618213,1,45.41097663037358,48.862061825293,10.150250573292425,10.060036829700032,7.722791032641914,10.507568064304467,9.042973217890593,11.226037264622134
2,83.63715946035776,1,39.20410267135471,48.76513756877271,10.178881258694172,10.41599745050319,12.211104111574453,11.959133990247317,11.336583192386916,10.577643284094792
2,96.1289676221385,1,47.967973078612644,49.15414762688039,9.552249920221925,10.366977155859102,10.95341934071856,12.249874447083341,9.442199246439785,11.568318624535568
2,107.98599449167534,1,47.98599449167486,47.98599449167486,10.17003051438918,9.70765965217108,7.735978820787887,11.189498036352637,8.22493806351536,9.686231534208524
2,118.19916220690101,1,44.49201060417475,49.501674932182794,9.822871231388154,9.897824227205303,8.588207948769199,9.649118162372082,9.224856439744002,10.156878367613409
2,125.05210502685685,1,45.439192475241896,49.1965873029873,10.366212145742407,10.2863419729985,11.531577945214655,11.418652673437565,11.37997617640251,7.913926091682802
2,137.9378727583594,1,47.93787275835877,47.93787275835877,10.263060363172187,9.606961523691854,7.924235485147148,11.1765899311275,9.460793298756164,12.02470373970538
2,148.66680983806705,1,46.716839893447805,48.9201957630739,10.015253952846226,10.296665543913875,9.561550742203497,9.29477619826767,12.03268214262041,10.44925212964593
2,157.22373497835198,1,42.1486257955667,52.4013716193753,10.25274582380863,10.437379281565999,11.94274292287056,10.450881638929744,12.012597045518774,12.261836860822442
2,167.6307030673329,1,44.029697637929466,49.40924628945896,9.500439065722565,10.371812442985412,10.36373888452284,9.271200305311291,9.136481475991696,10.713830366585057
2,176.86572131296785,1,41.96912956188561,51.86123410952652,9.89210454764093,10.294215637283644,11.746420077067697,12.476441814651528,9.903787375185763,11.76687023487855
2,186.68198964899938,1,45.92953345228184,47.787921692274644,10.35091251101257,10.366832550977843,11.364415823345416,8.253168712673213,11.815513463943832,8.97519998411504
2,197.41358431766878,1,42.49658233173149,51.6021415649489,10.006109047491757,10.162829226373187,9.875597842814106,9.823538158027533,9.972167710964257,11.846097680846325
2,205.6229138530817,1,40.73955625140017,50.60492514368605,9.8653688922857,10.486481671868544,12.321432506297686,11.436002483025902,10.348059995787747,11.057299294467729
2,217.35638529641702,1,49.502747785320665,50.1697369893972,10.012355788686245,9.871402901972372,12.003347700730757,11.249625812272326,10.308332136583969,10.16032288324799
2,230.56658920664327,1,47.55377354213929,51.29640169680233,9.849021459639765,10.307590925773596,8.396269413321217,11.834672076791211,8.185130608691232,9.648600767687432
2,236.85784324948642,1,42.35130281204375,50.4761245795575,10.152174807079854,9.99807871459924,9.509486217916049,10.262121866034573,9.979328714099436,10.519323215048601
2,246.50240234140495,1,48.15186210770827,48.059016050222226,9.963852263118097,10.195967406833226,10.354994947598856,11.004774088662904,7.504204235634823,10.707904032064196
2,257.3507548191689,1,47.595315107644055,47.565524769563005,9.585020593442584,10.422624220212375,10.433487040156185,11.122586717986877,8.537479149772137,9.023970136803248
2,268.65789429136,1,48.781899029072825,49.633185328868265,10.192143695417634,9.617826024100223,9.398129548246404,8.454916430013173,10.79812694754502,12.467784128342968
2,278.6927009290534,1,49.63136126519223,50.540086769116584,9.846144162243148,10.022630004801755,11.306297953975227,9.792310478659006,7.814354696273822,9.056005538758821
2,289.56040396214445,1,45.35022915454019,51.496469749583056,9.913291282326934,9.845752681893526,9.119416903127172,12.250507971122556,10.999165503340306,9.535695800019601
2,296.0112448232479,1,40.97830931015461,51.145855801252175,10.167546491097626,10.014238373356108,12.361065141940276,12.319307203482222,8.499907881429113,7.61547503173877
2,307.27720422884954,1,49.50323777599189,49.967118228508454,10.093897594234189,9.559198613352484,12.093500734420395,8.308954915660316,7.638217937235792,9.59273512357531
2,321.51889783370507,1,51.518897833702944,51.518897833702944,10.162213055211136,10.437403419273677,8.622763103852805,8.166713865053781,9.006761218337354,10.5058168829592
2,330.2192360977247,1,46.26855185352082,51.71777150069781,10.091147494772134,9.839506068357434,8.59250801376029,10.88626439170304,11.539179804949066,10.19005642973992
2,338.25450186219933,1,45.998672388900715,48.59157982947222,10.37162976228628,10.285682273050638,9.37673124965447,10.982597007600921,9.11965151851632,8.866607528098935
2,347.14604022181913,1,46.532187412068716,51.19931965997046,9.569464719149222,10.059465184453282,9.93153856969283,11.755052390817903,10.548467020129817,8.142945894141306
2,357.65900689496334,1,47.659006894964655,47.659006894964655,10.176580086732741,9.780557567500134,8.516116232724869,9.311163991653402,10.930031111919366,9.553962579289319
2,368.47491803056414,1,48.474918030563146,48.474918030563146,10.03044956610027,10.167402078028953,8.94306067766834,10.573960041271247,8.799694796725488,9.022551015030066
2,377.60561479830585,1,47.60561479830863,47.60561479830863,9.57122338082625,10.290291275964094,8.268221029399585,9.745382069927158,9.555824371951218,11.868595601450844
2,389.1916767400215,1,46.23959087277565,49.96415805507007,10.456097815215246,9.86579829731376,10.080213265869224,8.948474452819248,12.0135128090417,9.245267058413619
2,398.5892544046759,1,44.42066046675491,50.29191953425043,10.300454504377981,10.393309677648677,8.799760056903414,10.021002947486163,11.146341445380425,8.131531415974077
2,404.897265501362,1,42.204564812718154,49.59739427900585,9.565301145317713,10.184441391321538,11.649014178079295,10.6831569270484,11.332596606750307,8.259778719713278
2,416.6218479203138,1,41.740878283537434,51.60142300429778,9.860544720760295,9.58611957674321,11.20102044145743,9.551993384976075,10.672347808791093,10.607477023735791
2,427.88022851232654,1,47.8802285123253,47.8802285123253,10.183628450395876,9.948106855512854,7.669474232824393,10.725276782379398,8.191795173086401,8.331759199865592
2,436.66682703824125,1,41.78461046108562,51.64767425331898,9.863063792233607,10.135755901982504,11.348929846341848,9.907372850758001,12.00128976333258,12.27584780051744
2,446.2038230483585,1,41.14176064122143,51.36814934250817,10.226388701286748,9.638771208306123,11.865618531647511,10.299851650551151,7.723435408545223,9.42622464695826
2,456.45913591091124,1,41.37940464205245,51.641488013484334,10.262083371431935,9.57676042588221,12.14902992859212,7.729456396550198,7.757677022607167,8.949450790218197
2,465.1048662848014,1,40.256353717356724,50.051328601083306,9.794974883726889,10.15235644430682,11.28441341464358,10.736093983814637,8.197781938204143,11.687544894723231
2,474.89626468557765,1,39.97365718271152,49.91831880466319,9.944661621951886,10.352691700504772,11.656357175214676,7.593504581969885,11.468620642809267,10.24082341948198
2,486.079293407692,1,46.21403266483794,50.14957347974087,9.886489273539985,9.950005588583274,12.04359924951844,8.485264108112702,8.998653397509727,8.017111354703733
2,499.61968045914927,1,49.32025295320531,49.625791224576105,10.184609045693376,10.102166470526296,9.575228473966225,12.308779516652649,9.494527747979356,11.87622893758998
2,509.0603816182279,1,45.93510841155463,49.81743537636671,10.216649907400278,10.10388962766054,9.708430283517805,8.829928965429065,9.634195531805975,9.248659789668144
2,517.5109269283205,1,42.6221399615316,50.57138706200142,10.45953565851306,10.089432034613107,9.637934361675923,8.16100675917909,10.244952491579118,11.85730817183684
2,525.383205616418,1,40.60349632775709,50.25947468868791,9.655978360930547,9.737545645869012,11.797320403386216,10.78462725311164,12.282809954763785,9.421250464215245
2,536.0437416059781,1,42.280211971418524,47.73028807819627,10.131179298123676,10.27947011390156,10.362337677683366,7.596243855119688,8.179602770100054,7.97038756113754
2,545.481163551795,1,40.66096202057064,49.75568189080569,9.779268677672425,10.360746249004123,9.916395064126302,10.687941444457973,10.37423949703418,8.649904219707572
2,554.879361421553,1,45.44068655165235,48.913375387854586,10.489015310108458,9.557631758194493,11.68837833019752,11.84615502991014,10.094503769039726,9.14344261104823
2,567.2747313158425,1,44.08571993837585,48.09705500437433,10.028337664995922,9.598900074131492,9.022949423811264,11.985975088687898,10.705809362814355,11.093894287268435
2,574.9923918819705,1,43.96316126561324,49.09538495531438,9.657147351280281,9.593803744359766,9.993485553934036,10.994691850292643,11.193317856957924,8.15071896812228
2,585.6717989845397,1,45.676990603854286,48.93133335266746,9.988056415387103,9.816983780418287,11.31781331774992,8.707237439213138,11.593825025649119,10.522695142694115
2,596.6560909425739,1,42.29401806962043,48.90321939227877,9.864479586057026,9.851105923038496,8.986894567039979,8.986180860151556,8.44381997079596,8.16500869216287
2,605.1365982872541,1,47.55419174056571,47.51888741126708,10.27566295625638,10.138005200615801,12.266621023094663,10.12893291425932,9.560126379179982,10.97958702492392
2,619.1945146085399,1,46.50783793184577,49.76441572177471,9.578169970379376,10.239120132061165,8.982871240837559,11.074816365351104,8.719529721804909,10.657583030223703
2,626.5793695535909,1,41.855408175765106,51.398764494605174,9.543356318840047,10.35599763084155,11.249989576435503,9.134658407325537,12.053797584048349,10.042917198402211
2,636.6211633032414,1,48.279400759107006,48.21577018868355,10.000364898842495,9.911650073074602,12.052841541384339,11.215560863519716,9.226499886806657,12.145781878622374
2,649.6176586624973,1,45.408389017673066,51.464892103749996,10.094171810128255,10.24354551943119,9.34260106227317,11.763505504502149,8.708033765792813,12.18501665548086
2,656.6058694182007,1,41.44390291994725,51.87211806793371,10.428215147986403,9.709012680371014,10.556428313300168,11.896449952284186,7.715261024017442,12.288258629114779
2,666.0988109394698,1,41.341297930944016,50.952435321905504,9.611137390961833,9.753841413299208,11.721192113373796,10.450569955579688,8.632163408900562,9.728774531289151
2,674.516798957511,1,39.578098379546326,49.555271264323345,9.977172884777008,9.744860557236025,11.551394027503484,8.912305553002685,9.97792210167518,10.827882373634425
2,684.8397485381548,1,42.75448897348881,49.834312988742674,10.499711540277602,9.61727390103809,12.201450511246492,8.458866573556636,11.238827899876096,8.901866692045404
2,697.9905854260029,1,46.76132620026232,48.08311031395867,10.167570105356273,9.637535755487171,9.582489306592441,8.579853612947616,12.130427921781521,10.882295269675367
2,706.9043994106863,1,41.78436584593318,52.12786799694972,10.343502151016754,9.832547275462273,12.403816167281898,8.002651089915078,8.106316095911804,8.488642631882524
2,717.6982169541911,1,48.2214743243517,48.21883469886286,9.874478213488871,9.88595484604879,10.349208233699244,9.894248856388598,10.179972035107076,11.082126966216832
2,728.6116948029917,1,48.61169480299225,48.61169480299225,9.97326689728055,9.552331879966182,8.048190172589084,9.562147736318467,8.376056117081674,8.579667064655878
2,742.0004802822979,1,49.947972462896516,52.28036771221226,10.140848910068662,9.890025049595321,7.752449662506743,9.127006025782087,9.377566376805534,9.056864786337895
2,748.2349605026948,1,43.47887250473955,52.45262344427811,9.649194558643263,9.86344626373401,9.87754852651666,9.889683335042422,10.18526313271232,11.918919228218659
2,755.6832274629701,1,40.760677296093995,50.9099183701445,10.353936356432119,10.115591881748427,11.820084938209199,9.365336756250786,10.855767659889676,8.768380374327416
2,767.5959439441034,1,49.89904928765798,50.242858982392896,9.85646793492175,9.961570065467075,11.710463859366445,11.207227562862458,10.634742881161035,10.348646436644756
2,780.9496071599198,1,51.21411885088164,51.50369936430996,10.285000455016478,9.903917783836704,10.011431768646919,12.49289294016969,8.05155870117694,9.19211262102466
2,790.947278048784,1,50.947278048786536,50.947278048786536,10.214107733003427,10.220488571852474,8.12253153576809,9.095339649168972,11.79185245036986,8.851876462506194
2,799.7158494428718,1,46.08027043530042,50.80180161396035,10.49229150813297,10.425692298011528,9.40063413385604,11.111916544605819,10.414387175649106,11.84590683013776
2,807.7766019336037,1,43.262912267595105,50.26088074202472,9.99709782061344,9.655868317473683,9.25670330521144,11.5735208005043,10.228616344791837,9.692583347534196
2,814.2966298565633,1,39.550908387858875,49.13822448625164,9.587316098392904,10.279573138518558,12.238948941838627,7.906795471829703,11.899359973833814,9.66650986476964
2,824.7586601444759,1,44.32176824165872,47.87639977650307,9.771791794866973,10.28356388262531,10.262526748850176,11.871973580867683,7.594999291552654,9.153512043334835
2,835.6845462676785,1,47.42852838600805,48.85106254157824,9.864384242940687,10.235258822226497,12.395938573736306,9.949025798174782,11.745594466059554,9.733721907450816
2,849.9788177941871,1,48.32959108566228,50.16206520624356,9.644600634638655,9.87245616470347,7.864291304887695,12.394767167453926,9.727335078042508,9.371657598075412
2,857.2025135668484,1,46.84072177488444,49.352848915697045,9.7934376650316,9.621092463532433,10.179569728189371,10.443579981462749,10.039724997203457,12.342204274885463
2,868.2433580667059,1,50.54129741139111,50.749525282566545,9.623961757124105,9.591821683587522,11.55807986671687,12.374408444572843,11.791912054237569,7.771401236074421
2,880.7734226933545,1,48.00315995266941,51.36105418380144,9.876159503329257,9.856196592082641,8.035218527628462,10.416681595788404,10.564566511829966,8.920943548181118
2,886.6861518294854,1,41.936335174038796,51.53192437696118,9.595589202922042,10.05323316688235,11.937726810630423,11.717820463118553,11.963714442934252,11.595302473478405
2,897.7887422339109,1,47.788742233914206,47.788742233914206,10.365365093844336,9.627139671311738,9.623581774740115,7.844986332893692,8.432934229386197,11.300371981309095
2,910.191636705827,1,46.26252334504211,51.57213599475023,10.411005195506203,10.246991541681036,8.64968360794195,8.543725918655682,11.140319793172432,10.032547903324964
2,918.0286187379518,1,44.86326518968032,48.795381398712905,10.347674234296502,10.20913337157643,9.7774949924055,11.726169307383818,10.006619332201064,9.827144150542711
2,927.2616619594048,1,46.89203547041531,51.42115344999961,9.589352873921326,9.873089027374128,10.476788258974349,7.911437920549593,11.190953359158557,11.445055569657805
2,938.4919997376039,1,48.207129484627906,48.497813416238124,9.689464387007122,10.43176151430527,7.83765586875499,8.590918032486115,7.600521001564331,7.826569584103003
2,946.0866424129043,1,41.19910452703918,50.34663503517591,10.132490191252685,9.566703471066539,10.050942982011133,9.24105585421936,9.240698026331275,8.19123645806281
2,955.6286749022271,1,41.09933189872729,50.84137690397614,10.346105364215187,9.789239934655797,11.86725463470753,8.956332072180015,11.471935062655891,9.912702005311292
2,967.6321094169634,1,44.885827346271356,48.971607373589336,9.953365329046385,9.518224096965426,10.694697512254528,9.925068981469572,10.489860790397907,11.547410979209674
2,977.6911421785716,1,46.345352735597174,52.13118821478949,9.53447527974958,10.195207881077213,11.245510219154855,11.220729853985866,11.594997859967851,11.646084928478261
2,989.8076968314894,1,49.30243968764608,49.82332334109043,10.417673068886947,9.98780823015479,7.891738420572247,7.631364761415876,12.068495528571507,9.226883239366819
2,997.612527768605,1,47.775993948608956,47.72357829633818,10.268757506287363,9.882050407886267,10.140113113113097,10.499859475915883,11.720288008175558,8.039152676206989
2,1008.292277574501,1,48.29227757450567,48.29227757450567,10.498792516012905,10.214469598253837,7.886284861814916,8.797644387948708,10.42608210026135,7.996670378427686
2,1019.0328237009935,1,45.3027354752943,50.37768544223272,9.759519167189344,9.944752185539382,9.358574086025055,9.904518313211653,8.219582777455003,8.409288941525393
2,1026.428143859189,1,41.45537078413865,51.50137699636174,10.04600621222335,10.219697607462061,10.911390491933805,10.817244761424275,9.756361143917548,8.891888279299998
2,1032.6282889123927,1,37.59113388959286,47.76720464272409,10.176070753130944,10.029282482731913,9.078479536524034,11.759576768255364,11.21577175820269,10.079540473409399
3,45.97607129135378,1,45.487743191009066,47.58526840480816,9.666000272996941,10.00560797297066,11.546152038186614,10.416365441719577,8.95732594838716,7.527794654486378
3,57.267422830202406,1,46.370656985192035,51.65229334866631,10.272106930583618,9.665511521490185,9.956652471830928,11.264409851692147,10.497926277788983,8.426987636583275
3,67.87982271895628,1,47.87982271895609,47.87982271895609,9.717645913901864,9.647624711190874,8.701823367591313,10.722703376619169,9.62636987141283,12.009486566876975
3,79.55214476690578,1,49.70838925933894,51.211632717428856,10.374628639004372,9.744657855079028,10.117220568647733,10.094733875301603,8.721525351655865,10.77877061625133
3,89.43150118983786,1,48.23216566506548,49.52177375621825,9.920062239636836,9.781693158523112,7.736836804514491,9.525492760577572,7.590590609125487,10.939255998285713
3,96.44162802504965,1,43.002320073670035,48.03464631516283,10.236146588492089,9.64126719340791,10.51858963916685,12.445850156516581,9.393837609965589,11.655772944141606
3,105.87116564234316,1,40.884555358666624,50.95851552771014,10.073960169043325,9.986024381745313,12.200729424967115,11.22695192375539,10.472249938173759,9.021599926704347
3,115.66968490794748,1,44.79158221949834,50.27387370497067,10.25016576302986,10.479722400264178,11.199324178576846,11.017294579749194,12.144459907605343,11.863960147940302
3,127.86805361861752,1,47.868053618617466,47.868053618617466,10.396267697254613,9.557370912965325,7.706977047069628,9.985135500442652,8.78939075588231,7.765888600311757
3,137.79903922737947,1,48.496188686794355,48.45750149142954,9.529951324194165,10.045284818835608,10.902933392189802,10.438893349800225,7.781011388202179,8.93337497698013
3,149.71663547075985,1,51.98991877692969,51.98911456508434,9.968036472630004,10.181833444058853,10.434732974707043,11.548194596331363,8.091609071506234,8.786688171189436
3,160.46204977255917,1,50.46204977255893,50.46204977255893,10.350575743967457,9.83966662004845,7.5815640060418845,10.638225347133835,10.629985200069429,11.404789613964542
3,169.1124676930219,1,45.46359576450612,50.361410433654676,9.795629338296862,10.000199143694626,7.759474586364983,11.28004067055335,9.630983668043394,12.201741004251563
3,176.67531424265124,1,48.189597839124595,48.145215377589686,10.45424714430248,9.781134762316837,12.278599078656164,7.649490675235651,10.66275447407048,9.464013047335602
3,190.33423673349728,1,45.985686653721054,52.476059907118284,9.985189620611452,9.567810963647482,8.512554528144122,10.877418087119556,12.068160864154445,7.6276012399509625
3,197.30207196394596,1,44.154114119184825,48.13887088470623,9.718918940295838,10.049145839997253,8.890163298255423,9.363784841260687,7.9067364004489,9.423855131654474
3,204.88868787120867,1,41.06928513309517,47.83616591401465,9.530391084204396,10.208968224971946,10.369659453932334,11.278381573217558,11.713596276088547,10.27292713812997
3,214.40867893751562,1,39.612039481157574,49.30222020107285,9.690180719915595,9.573512424045067,12.305533834102373,8.720780022834317,11.641711685162973,9.553747373247491
3,226.26974685434126,1,41.21407938553861,51.42754901948339,10.21346963394493,10.265858640498562,11.868174487342321,9.262180186242116,8.803951977739974,9.629430091257484
3,234.04451342174198,1,38.8586804044658,49.33511074239702,10.476430337931157,9.668100589399344,12.426458865382768,11.841812340672103,11.88130031704726,9.757019137266154
3,244.48927202475716,1,39.480101750788755,49.599637657795604,10.119535907007196,9.742021304266357,11.553453815196661,10.240547603294287,12.313651182251066,8.260478258142562
3,253.51980326490232,1,41.714795155096425,48.05150068466071,9.507327261298354,10.309058562040704,11.56538039761721,8.604374801742361,10.639593534042463,7.5958308780359065
3,266.2364332350774,1,48.644599558568025,48.856513679197,10.264169373436747,9.840341132179182,11.753997896847999,9.740398770401962,10.80158794921704,8.187358804185163
3,279.7252186346116,1,48.55786538493,49.813083932975715,9.655527292659574,9.557576895504166,7.722565427168107,8.15801736583469,10.482942323769677,8.163762790818874
3,286.54727268069985,1,41.79730888869049,50.05811548349005,9.83429356523768,9.895574552720271,9.485536283505999,11.077932576185727,11.792993817390707,12.373194166056978
3,295.27766852529,1,43.95150180460472,47.62307038612449,10.221698277078202,9.627179588251087,11.242141318769539,11.881652757177022,7.866901974161373,10.306060635876959
3,305.7127180183141,1,40.98926341554917,50.531595946387306,9.542332530837914,10.201406276361654,11.984017723951712,11.724141108763575,12.196460431564512,8.80451602884974
3,316.18729965090427,1,41.09730504750574,51.38012242810889,10.282817380603198,10.095546626187978,12.347039382140643,11.282268505388974,8.758332636896126,11.687536909443114
3,328.0038540558643,1,43.342300188154766,51.592838007109435,9.593648626691335,10.23203756835151,9.367505507729676,10.86172456457191,12.256118498906034,9.670494892275544
3,332.920841390224,1,40.05180686525119,47.79244835451205,9.903749381870304,9.760867823672278,12.052842959645124,8.335045476541781,9.04265698397133,10.208129112487159
3,345.80881695590955,1,47.41160196845946,48.978125272271946,9.767261400147671,9.758305495888255,11.926979424175164,10.633413038448623,10.538973111999855,8.139826231747552
3,359.45205165333846,1,49.45205165333921,49.45205165333921,9.712106252411331,9.642727732037129,8.960543116987855,10.764882484542918,12.216272908504212,9.266113664412996
3,368.68596953596125,1,48.68596953595851,48.68596953595851,10.109848003174303,10.358333648870245,9.546044598046898,8.581694263655688,12.457395103319648,10.235272472030141
3,380.2787780979847,1,50.64117921305766,50.56913602857882,10.33638813743026,9.627521936010089,9.42819959001566,9.76932709460408,11.864123542188239,9.368976243998128
3,389.77381069065893,1,49.09589043761171,50.7290946571875,9.743024548334185,9.822714043648473,10.749545078349767,8.779947562611577,9.826768766406634,9.305861704781039
3,399.9364474153378,1,45.64015050054787,51.86666776835861,10.207405357066536,10.258404611365926,8.621508738508728,7.682913103080294,11.422422913024256,8.591938445816806
3,408.29657616147074,1,48.29657616147226,48.29657616147226,10.283908965813419,9.954220142727012,8.881085272338508,9.154984418115447,8.958295906501492,10.5967422931687
3,420.0291310290329,1,51.39553784940145,52.135093185269774,10.222981852828635,10.16976717245014,9.943277352122667,8.082903613345945,8.726538025637367,9.38414064038809
3,429.8261376468065,1,49.826137646809336,49.826137646809336,10.378964877210707,10.262051370390838,7.909456803263602,7.500994435717276,9.786955736342,8.41669384785266
3,438.81299347142715,1,49.02851924502867,48.947213550297676,9.7759397886253,9.666248434256298,10.341802569251517,10.836440639030329,7.844027103409191,9.222481075301706
3,449.2104589409845,1,46.41189231165019,51.486602690243146,9.851126910771818,10.05060863997326,10.363971648676232,8.684898820649446,8.534621846472163,8.403294537073947
3,458.567859556647,1,44.185005524180035,51.03321494990908,9.645365388350777,9.94627568556017,8.998158616616868,9.58910164439461,10.692834476713257,7.613111254574646
3,466.19798767762376,1,42.39119648681538,47.57050422941078,9.960207197298725,10.402801377050752,9.898701596545138,10.543108873375251,11.408334350164846,12.385744693602675
3,474.63902157172805,1,39.56469929144541,49.81585541322852,10.251156121782818,10.470137395816955,11.892388916719895,9.19486074942317,10.944640962413535,11.940587484479742
3,486.1785785374889,1,42.607023294434505,51.29684892312259,10.276583113788645,9.557885449969241,10.985624205449932,10.9696914036524,11.833729251867496,8.34534623425505
3,497.60580807995893,1,47.60580807995819,47.60580807995819,9.771849007825407,9.972586818214161,9.748605612065939,10.587457840631846,7.713371560018357,9.664678995628208
3,508.5240382418624,1,48.52403824186491,48.52403824186491,9.668166222648908,10.183832775111739,8.236674859068904,8.695940578823746,8.7236234372962,7.973638823302399
3,517.9272178270787,1,50.050713317141366,49.95715999925932,9.625730251163072,9.619977092377116,11.85899408472297,10.593173091648584,11.528857968545225,9.364831486466109
3,531.8670059339215,1,51.5759267476953,51.87294632547786,9.900652592752197,10.044231799695126,7.854704505179408,10.261355200506912,8.281756216500584,9.328192146472828
3,539.6290842688238,1,48.70154540091141,49.68306801245836,9.815226115469217,9.811927481648711,8.286724818146794,9.185007675877488,10.095659016087449,8.132288211600258
3,547.7601533041593,1,47.76015330415663,47.76015330415663,10.351054241561794,9.559719420889664,8.71334483005727,10.676023235075006,11.841687084623496,12.086054332798449
3,558.9447901987735,1,45.503319983616436,50.03157026671461,9.634575070421413,10.127520811998563,7.947770701374978,11.678271230039778,11.337035686574257,7.809865969997414
3,564.134917127479,1,41.92356063403452,48.84133501409873,10.334511914393715,9.76394416989788,10.565778446836507,10.274411698030391,12.24084943958508,7.8948567850784865
3,574.6885945851745,1,42.304295486247845,49.52155458899523,10.240781130567198,9.916032388233097,10.07163100493527,8.367574839245865,11.224084059232732,7.579388265483867
3,584.8817365452464,1,43.36614140960816,49.3648095175793,9.544389029452349,10.154060534332945,11.882416370256445,10.26056319612316,11.229761113508077,8.321575009176314
3,597.953074556921,1,49.7876504076006,50.938882416505955,9.587848482898007,10.032189828712996,11.540961618686595,9.105231145473399,8.890022770737428,10.396774633717033
3,610.93523927261,1,50.93523927261436,50.93523927261436,10.105647004706451,9.93575464986456,9.817480803392401,9.444699238972925,10.416390637550116,7.898946075449796
3,621.899628407437,1,50.66351086310773,51.99266951292331,10.224297306273622,10.215964422075064,7.610111141810675,10.321059828564806,11.529638166544379,10.774785353318087
3,628.7186530710319,1,44.690174977936834,51.18749010705199,9.741501631329367,10.16280111526316,9.804494987256323,9.671228643813402,8.245679798936559,9.769541631980726
3,638.0242040732585,1,43.54572717500234,50.1317226136116,10.453961013665188,9.616893700484662,8.502563830782691,11.983600210630797,11.583885017994072,11.413423590075313
3,644.8363516371115,1,46.64357962025021,47.87064546972253,9.553360948188883,10.271151191612804,12.280679032933252,12.43816300776355,10.514222899975856,11.427498444007249
3,659.0211323350991,1,49.02113233510079,49.02113233510079,10.360064477632505,9.962935013351922,9.38728832498676,12.002729307479175,8.709643363976907,11.177993297837515
3,668.3785381894954,1,43.90234726339981,50.84217815656897,9.914044133098999,9.50755216962585,9.040251400977438,9.207938390808568,11.920101862240587,8.057903442074078
3,674.031768171746,1,38.98643919919679,49.17902298212454,10.192583782927995,9.873850660305251,11.233992932287194,10.573686705426386,9.034632408483713,11.92481306236203
3,684.4352649944254,1,39.49799549322099,49.47227731383625,9.974281820615523,9.752697987015878,11.71663777895458,7.909643172237809,11.147877585696172,10.973836743420552
3,695.4159193693607,1,40.65457033038081,50.27345727781474,9.618886947433811,9.819124218343696,10.04728646872722,11.962505257663413,9.197479276120065,11.674586297899255
3,703.9530601065156,1,40.8590506830151,47.95833261821764,10.282497526000538,10.23891110337937,9.893584935691472,8.132651596251865,11.988737823547558,8.651069629121311
3,714.3202217490485,1,44.642745688223904,47.57949881101997,10.337656185126761,10.220407876903636,11.979746701264713,11.232848382486978,7.672945494057917,11.633428429813042
3,725.9905489101983,1,41.03170301481176,51.04957351054258,10.01787049573071,9.662355684740257,11.3451823462008,7.511664683119506,7.995800864998706,7.860419749406739
3,735.2706034862663,1,40.54033832900854,50.09642955579208,9.556091226783339,10.198501324732211,11.82389359957734,8.414253628119921,10.882309077009072,9.561549312350541
3,742.46184251072,1,37.34518613596215,47.68186568092737,10.33667954496517,10.18978194129512,11.904788048255297,11.80315615895152,8.174576031753285,12.397761433747675
3,752.8607756822132,1,37.994730716668,47.82512458645617,9.830393869788214,10.464861719180883,12.383069743869912,7.611782019833046,11.58890202895601,11.989592483436285
3,764.8050395644441,1,39.69073498626443,50.02266342703123,10.331928440766523,9.859801804623574,12.462863163706693,11.1532258255302,11.208580056933984,11.911693676154702
3,776.1841384270417,1,44.861484145051605,50.705582311883376,9.769533943310664,9.857644939084826,12.221226435820773,8.55707404618515,12.078806353630979,7.782630399673776
3,789.2234479454272,1,46.93310357870401,50.42611851871712,10.106252331886084,9.878695743198138,10.593710129913415,10.056858172273175,10.720109532684965,8.328863150735886
3,799.1433626893266,1,47.55906655962551,51.714611160289095,10.10229635357286,10.022278143579868,9.29161689102463,8.100811949105164,9.626703321084046,10.551816433865527
3,808.7983444142742,1,48.79834441427728,48.79834441427728,10.458105545488307,10.310750991865099,9.31111967041887,8.508587757700623,9.066170283274213,12.376943859387833
3,819.6867787421468,1,45.570878813288736,51.6236728263152,9.607609544486118,9.736563450592495,7.944394240504721,9.146588206057656,11.746881764540081,12.413692107682532
3,823.4732291341372,1,42.447367205372494,47.87283817515651,9.681230460241748,9.663130860020225,10.452921699255883,11.844570727106486,12.169562136326764,7.705273597884537
3,835.0057023586562,1,47.27930640056501,47.91688144709718,10.408155008576657,10.380312995773203,11.813117582296922,9.526179720003976,8.729400899943407,11.597151757404442
3,848.7590500927736,1,48.9790118550989,48.89605765773424,9.97740792516317,9.86527537924964,10.194444442961112,11.77606295072148,7.885121066592699,10.103145936512437
3,860.1196160937437,1,49.53643315069209,50.3691592661094,10.127258183477,10.049515215411043,10.080162842103181,8.316229319033871,10.961409717099757,11.398062658326598
3,870.187217656488,1,49.42455552699974,50.22315461546506,9.982488605816583,10.142833208479516,9.190878464791064,11.11430332950461,10.401115843776319,9.31575849756265
3,879.0035575682573,1,44.74729264936255,50.784547853466194,10.409060696730128,9.815032301175277,9.621040342912377,12.096332665769522,8.533623203185904,7.981541613662285
3,887.8138697097095,1,47.76527156727151,51.32386538775807,9.905705786858418,10.286124789183942,9.848547416531977,9.686804913519381,8.175802946969748,10.957818013968092
3,898.5349120340644,1,49.48736995577619,49.3946770060941,10.301973534223258,9.625828983146324,10.527618971829867,8.648531284347126,10.63195416928111,9.531888045193135
3,909.6985564561328,1,49.6985564561333,49.6985564561333,9.78226937015857,9.813136653793476,8.22508533163904,8.945050666397888,7.909136355676775,11.024801088751337
3,920.4173882357804,1,50.41738823578436,50.41738823578436,10.005411795352957,10.35673257408079,7.5102560127931595,10.59821293432188,12.21430190926626,9.25017272885087
3,928.204427065582,1,48.2044270655764,48.2044270655764,10.339241105750165,9.527047177876982,8.058519528382387,7.76359681887215,12.04963404281918,10.501871661111561
3,938.7221817918222,1,45.921976416670574,49.27551578810498,10.479810535732666,9.500724133349559,9.678833800013706,11.496417282586648,10.472496238227388,9.699483330070434
3,947.2964683056638,1,42.61135587835006,50.29186805427485,9.974691137564449,9.968283336512531,9.425260501357268,11.930581538945608,12.336400536426202,7.5704543223338305
3,956.5570175349121,1,45.09211970549788,48.975822994251104,10.419921839003674,10.005761130528523,11.20270233532803,11.843547357592088,8.579398884767519,10.997826254626707
3,967.5914562982622,1,47.212284484414766,50.65097618393058,10.350135618081655,10.261108904431593,9.526997273989366,9.82964059508541,11.876306332318098,9.91246389130264
3,977.711071101344,1,48.17525172330658,48.1480954832027,10.091393274211738,9.756131034947273,10.349527757699507,7.554489132801098,9.221160113811322,10.358684181655525
3,988.768225870549,1,48.76822587054693,48.76822587054693,10.096255861284408,9.85474383916622,8.106499664898505,11.813228410560653,8.256322481403169,9.612192031930688
3,998.2443908444111,1,48.244390844407675,48.244390844407675,9.530627388572054,10.19833644959393,9.403048043228173,8.365135327822788,10.41463233078902,10.479230284687318
3,1007.8932962667841,1,47.89329626678041,47.89329626678041,10.131898490021293,9.659014944056754,9.992326313280726,10.767346259813042,10.191012549509534,8.155848491064184
3,1021.5712011393802,1,48.45919496074483,52.39844328812709,9.607922749712644,9.611511290187215,7.9597338867589436,8.680316519216923,11.109939586865377,9.276198507394064
3,1026.8173949001018,1,41.819698220762646,51.916055148720474,10.096356927957869,10.074537699361356,12.272439543642927,11.367676079490924,10.205180124359392,9.02876064490208
4,54.034976318496845,1,43.78444699801771,48.44522624642199,10.453895889195646,9.522368389395377,12.104356664986241,8.36313862964625,9.07820339499568,8.469410452843068
4,67.29517430296576,1,46.5122801157061,47.65369830324554,10.394934169059914,10.417429403028386,8.596725840544282,10.527120825469266,10.851672801008347,10.410227591386029
4,76.06777972464243,1,48.41327789122659,48.60066982279068,9.749184765714702,9.764678161123513,11.964462177203474,10.965725789548342,8.58442496856746,8.512957954935034
4,88.5099149712929,1,44.454841426541606,50.04804631585357,10.357786832059466,10.238553598779907,8.108422790161194,11.53475081706207,11.964342086956272,10.466031135493962
4,95.92871463567415,1,48.36261400551752,48.301535586401194,10.37743338288998,9.683278645244268,10.1437508715025,11.901370545730812,10.345523174822738,12.374042337854762
4,106.99218701581148,1,47.78006527190064,47.77299656104566,10.012050268935672,10.037295664846408,11.504452674940293,9.386156999749744,11.446160605287098,7.73860333216115
4,120.6764950749082,1,47.23174535655794,51.70544628948001,9.941557628716069,9.982616761408536,8.53436384861791,9.058089144462805,11.273529432406653,10.659469655729346
4,126.71867304631867,1,41.7848866960323,51.7521318481261,9.967245152093545,9.86986969001265,11.724661342982074,9.805209524546655,12.09249395088142,9.134849730011984
4,136.48121093597052,1,41.70778119613005,51.35107359984816,9.643292403717986,9.719820868793743,11.008076170785179,8.353584385007302,11.503938621719865,10.589802471287413
4,145.66069059629794,1,47.07630784261685,49.086485536154186,9.913965249667955,10.352156689128691,11.769964848099695,9.45722309687204,11.949530142681288,8.011629321730863
4,157.39306807185682,1,43.061827425176304,49.478480235073036,10.0260200154635,9.942304445525147,9.48639497966817,11.731613473143872,11.209215672798607,11.321167540220031
4,164.72336010724044,1,39.65661619265323,49.892462484748606,10.235846292095363,9.557073912216918,12.14940076856195,9.853528685142361,10.707864697603258,9.858890195243786
4,173.4927585635806,1,40.07280273975068,48.50962003726173,10.08087977237661,10.469901163441701,10.889565366335319,10.09976299809741,9.697459581608838,8.114720034542685
4,184.38133421495206,1,39.31510011940692,49.5499164740436,10.234816354636324,10.306475493044253,10.456086551453325,12.44745132831479,9.631242182916546,8.080462264068093
4,194.2518251639744,1,44.955648567983566,48.188992821999115,10.216158829006217,10.321531097436104,12.464481050305178,8.708629803527,9.296222358809985,7.853763969682118
4,208.68421143977994,1,48.94715339037177,48.860383982038286,10.469627256659916,10.357584355203157,10.5720843238576,12.421693632599863,7.520453837304308,12.372505251438065
4,221.49510401806882,1,49.19926654559092,51.88445657188098,9.589964379607512,10.286398285435896,7.991502363605822,12.472407789827852,11.52148525792118,8.408528574517808
4,228.01079642082917,1,44.08210344117981,49.61547383505139,9.707667357669662,9.98395530864618,9.002171239542411,8.667127006253006,10.212391372366756,12.199613604587075
4,234.34357571288993,1,39.2420181205774,49.5481950747442,10.306176954166967,10.139719452761096,12.370180385008098,8.7308819515979,8.031790755520946,9.348601535700569
4,244.5614683913485,1,41.76474263080279,48.07541366260394,9.990055534004158,10.450969478235129,10.836516963019594,12.452987242430721,11.114257364348063,7.868577705886873
4,255.45037339673408,1,44.85832481456784,49.837842608468726,9.973685062740053,10.002984012617073,12.083886367615989,9.952827526853575,8.867530693262282,11.503017514373514
4,268.85775192738396,1,48.857751927384115,48.857751927384115,10.310016403267566,9.885859922743775,7.84226631657747,12.288477989137245,10.272931900810919,11.699800896556317
4,278.64150309676205,1,46.66940605719854,48.897764293994015,10.128901076342993,10.348745365074402,9.043348881252744,8.880816083387039,10.475391289508298,7.8680042077224215
4,286.4819257255807,1,41.33167998550199,51.73621683414588,10.4045368486441,10.042268511369365,11.184029362712147,12.475779312293959,9.479494625441957,11.796372797227267
4,293.60269282790233,1,39.28750951304366,48.30049274984926,10.021558322046799,10.149943382776982,10.309095875675085,8.617427610942256,11.017953344207768,8.362383384905213
4,303.7192828613489,1,38.690427499584494,48.84973126072463,10.159303761140075,10.459334050302331,11.273276947553963,7.854463400841169,10.90890467693258,10.910799484161197
4,314.46510739343915,1,39.38453159631932,49.648321085450235,10.263789489131147,9.673758195137149,11.19280371352514,10.152869103497682,10.468450058449285,10.930629169787633
4,325.0080137391783,1,43.033840556526236,49.82158367391696,10.126923022105288,9.51531171150828,12.246642264082656,12.237315588480081,11.794834982909377,7.90938899374748
4,338.33505256843864,1,48.33505256843903,48.33505256843903,9.842486204737067,10.419995144357895,9.237552539720745,9.833999072862012,7.990679674726317,11.493581894104473
4,349.88863828895006,1,45.52786178600969,52.28875558901806,9.65841971858313,9.875723607260054,8.573130111511837,8.037562740964576,7.639664075410881,9.334293980675628
4,354.37550629448305,1,43.10974309389964,48.96790543869753,9.994939965282931,9.704001084645551,11.576987428490579,9.274758477870702,9.104075508363435,10.246818452368949
4,367.28300719703134,1,48.98637217483588,50.341405312246394,10.148019733050468,9.836040711585555,11.29023016280543,9.58750666200992,11.459623975047492,8.563210002412434
4,378.5119568040574,1,44.72505692525309,49.94957551399079,10.447764133071141,10.384111912854229,8.17338571783608,10.2080078829188,10.13393169372312,11.806679195783094
4,386.7366076669075,1,48.44125814247417,48.37250785429712,9.891212372271191,10.058896001971444,11.368938896938916,7.64856501376291,11.565103808568375,10.066730137789186
4,399.59099384419847,1,48.19739797495964,49.72045356975519,9.519097467472056,10.233631263506785,8.434631835271698,11.77877073407133,12.446784980469248,11.703950284815015
4,407.8376509777718,1,47.8376509777711,47.8376509777711,10.056094415242983,10.205828813872158,7.707685539292512,7.6127171813831565,10.376110240169584,11.263356200469271
4,419.77935381864205,1,45.45213780807106,52.16099983996425,9.58408861699047,10.457340554456847,8.710096299335188,7.778883386050595,8.970953660221426,11.72520340034105
4,424.9497774348108,1,44.41719663712021,49.42498749023841,10.267995379071689,9.963560489980605,12.255166219754326,8.895357726691584,11.77288385972659,9.47216583949102
4,438.6542744097278,1,48.6542744097262,48.6542744097262,10.403662056502391,9.852540316136645,8.165422733916884,11.323050650754624,10.502231202161543,11.601790764443153
4,447.3135970226502,1,48.139068897950466,48.135344043706574,10.307383965520362,9.964801257205334,9.76208288401353,8.019554860435886,9.481672012238995,11.46313608567932
4,457.8410828803435,1,49.323720428506356,49.30862428192449,9.816565193990593,10.11462255852151,10.536220324957691,9.466308096652517,9.294738211124056,9.546496551195718
4,468.7724861052186,1,48.77248610521741,48.77248610521741,10.42105584469517,10.103588443112882,9.661789304976397,7.891716131094179,8.99565728617643,8.105123157661502
4,479.99184351066464,1,49.910370741744345,50.84052611207264,10.294696698933073,9.78717463029645,9.260662948861583,10.26289046575738,12.436928722109434,9.137845246235361
4,489.3435388378032,1,49.343538837802186,49.343538837802186,9.746602619405982,9.74515566675683,7.579842815947826,10.76865950482462,10.53104348611792,11.61149819221136
4,498.6175854682017,1,48.61758546820032,48.61758546820032,9.861716149201907,10.356614205146347,8.490993966794218,9.766506319935527,7.512753625188484,10.05206542774466
4,508.60166989174553,1,44.797985321149724,49.86956474861185,10.350162096861496,10.3303336967976,8.972463218441563,12.416091885470658,10.518296370222767,7.883439755738077
4,515.3748505061428,1,40.486757708705326,50.361692653023496,9.874934944318452,9.991355566533151,12.483937467178642,11.47201887929907,8.047980662003983,10.142710347207233
4,524.4732429975878,1,43.58931107376472,49.10629717289973,10.37744977084137,9.874482194602004,12.393896294168806,9.958492280654175,9.128541722983284,11.450882205597475
4,538.3391117325128,1,47.24030047355886,49.01233408257039,10.170488358405052,10.425507034497846,10.870016589687415,10.698533238946396,11.24166976452386,11.367934006082592
4,548.5725196262692,1,43.91875372493748,51.675030227156086,9.818071521795932,9.860952871313762,9.892685385725178,10.92040263144169,11.335119310396138,10.511120385513355
4,557.1638071059201,1,42.178271576214875,52.25006052511463,10.071788948900037,10.487099825059856,12.301776658304124,11.413889926797635,10.482805412426515,12.065424926322017
4,566.4241260167427,1,48.162633065460334,48.10366489611841,10.383117721137982,10.029083947136312,12.036848102996725,10.959124331179739,9.010292903816833,9.565070841373398
4,581.1801114181026,1,51.18011141810486,51.18011141810486,9.761261119870396,9.770848006937754,8.980915693904523,8.000564243731567,10.152084928784143,8.074994373722882
4,590.2259165847264,1,49.8341387822846,50.277911588933506,9.996038359747072,9.556725637156392,10.067959533642352,7.788820768775565,11.557116931290881,12.151188626077094
4,600.2573956358946,1,49.22855207926921,50.676195151331974,9.51535708579122,9.955439801460447,9.564320704482508,9.462972391852361,10.208862900308523,10.208822200618242
4,609.8026486056801,1,49.80264860567792,49.80264860567792,10.396799580665895,10.13729725230429,7.68414169688239,8.796026455216687,7.576459048556487,11.17704122080469
4,618.8844260986411,1,48.88442609864498,48.88442609864498,10.302853915417016,10.265360009601967,7.9490103118145,8.576183608575178,8.063252206447055,10.569358408003547
4,626.9978584284784,1,44.742906351141244,51.773436924018604,10.359321489328881,10.4513750884363,9.951959575869402,9.846562323547369,10.069179039500698,9.348538045338167
4,637.1613456290286,1,45.93913781389059,48.38741739238707,10.246431946317475,9.577243841811393,10.435983677309261,8.476038567300952,10.233381173041275,10.214880911388303
4,648.0004930393349,1,49.25799838611248,51.45819179030149,10.022197010355022,9.532812005059647,11.84722279731865,7.783857463072347,7.673464381345138,12.196816637768386
4,661.528530371877,1,51.528530371874496,51.528530371874496,10.44753429440626,9.670761934571038,8.772975466272884,9.190673932921639,11.287806515271738,10.672709622131325
4,670.5424146325091,1,47.357605599749036,51.389009438687495,9.832692290093833,9.52938797099354,8.924693889720828,9.118676579982658,9.437321245215514,11.202784423254279
4,677.9680000068948,1,46.87946653841809,52.39628014712477,9.674507957651674,10.124036561133478,11.576117558394097,11.61345340743209,7.573083299235071,11.800076956018334
4,689.7766058921271,1,45.88985573170269,51.36415173230348,9.604028071229719,10.357991956946,7.616703231895727,12.410254041220309,10.626222384958144,9.519317822720454
4,695.5653793109564,1,48.04342348050824,47.968897091569545,10.414025642251309,10.35358917799849,11.630506200598251,11.417304930372369,8.226490543795766,8.492654359299943
4,708.8601848148505,1,48.86018481485355,48.86018481485355,10.185942464127862,9.75433509305005,7.6606692390236635,11.838834464328906,12.065911131892513,7.791116652583621
4,718.9458844464357,1,50.06321119535023,50.91904519507485,9.78578934690137,10.298819180469982,11.56967627865067,10.41046377333025,10.97391346854111,8.740735187466154
4,730.0883251165882,1,45.59024310369851,52.35427620578598,10.248535003162907,10.21719500940289,9.155525760558485,9.469619070979292,10.520361607258572,7.5722149703477655
4,736.7758937802008,1,44.166764420448125,51.57869589891127,9.820514937750856,10.251013889644685,10.433981329151916,7.833622608838038,10.212881754539902,10.533073675987083
4,747.9877956605812,1,50.06009694034776,50.05664679999011,9.679391786864787,10.34719154587255,11.747055013641539,8.708118213952082,7.604895189611707,9.841148701344258
4,761.5641593125679,1,51.56415931257202,51.56415931257202,9.601197930107466,10.326889808085516,8.60787977621272,9.098487175306325,9.880763929663653,10.108380561813396
4,771.538038683796,1,51.04848006782816,51.553179671921214,10.09399208186127,10.08009357040175,8.442127355868232,11.446911008899727,9.734453050900818,11.113778668259428
4,779.6536458822275,1,45.505320379596114,51.56127001847133,9.767660707863195,10.086665211234807,8.63612780259053,9.467738394811446,8.608118660781244,9.054474647831363
4,787.7010257523506,1,49.922010931908076,49.85818475283068,9.959395951033008,10.314657121875756,11.551846966084538,11.403810021978401,11.607025320023105,9.65377099785352
4,800.7707310780575,1,50.77073107805463,50.77073107805463,9.88438084536352,9.796663798895953,9.41887807297667,10.176400980989534,9.657201276446402,7.7550903475253845
4,810.2333290446363,1,47.26632383314017,51.37732001440108,9.831213390168788,10.434994810499022,8.263603768489672,11.151433211270994,10.72223609154456,9.280732110903267
4,818.607560698612,1,50.56622670768783,50.513612625788966,10.171600717984676,9.83644975696073,11.285684793721904,9.49461782923202,8.145627568987656,7.684342141170595
4,831.1061833600602,1,49.443975475965566,51.28066927054454,10.203854414327482,10.227476483131207,8.342031711803559,10.338181296608989,10.435085061897126,8.27600205791128
4,838.7092295110895,1,45.55811736751899,49.497007546978196,10.099718408869613,9.750494013315501,9.44841529526487,11.23183149303418,8.055193199620149,10.04884486322134
4,846.516740721577,1,42.118563331568055,51.78597514450149,10.474060682502518,9.692161056725016,11.458873291740435,7.60062238318543,9.044845159753224,10.886102140015874
4,858.2025944762645,1,47.41208674640053,48.23984353159774,10.346959814965071,10.444371754981459,8.33306757846987,8.18237039956385,11.52584926537284,8.277490156171666
4,866.0574416963603,1,41.927305660958346,50.85202947366662,9.517718146498861,10.248759646525723,11.651750354041472,8.66728164103775,12.4191165803595,8.923840130609644
4,877.9017707320443,1,46.968969532282756,50.15885057282638,9.620331989612698,10.025491169236071,9.29049393663271,8.012443119958652,7.934834959153667,11.85887964968135
4,887.7676163178106,1,48.81068745323525,48.782219401255766,10.379951118903222,9.837129996482973,11.411840991801903,8.153838163815884,7.653036739542127,10.96707112326296
4,900.65751845971,1,47.09155399706753,51.81468573566723,9.839857788749402,9.788353460869764,9.186031584477188,9.08853775137244,10.260965274043032,9.026413635621699
4,909.4527926243005,1,46.406830433714504,50.238229415584044,9.578497454673736,10.412302129918467,7.900462872368783,7.549727926501517,10.263647078706192,11.655114639251721
4,915.3252262152313,1,44.63973061190288,49.818213370265845,10.186091723859441,9.84434413812725,12.368038543255741,8.747227342093474,11.234076024242654,10.79103691542172
4,929.1639004172839,1,49.163900417289284,49.163900417289284,9.520365136921729,10.334035138493148,8.794562807544873,11.896152134273285,12.419415416977584,8.582828404471327
4,940.2696241598952,1,46.38061016231148,51.89694207377682,9.51091708873342,9.896055455574821,8.515336607346555,11.506383110620828,11.769624506299184,8.821639845310836
4,948.7958945029003,1,49.13537105513392,49.11924436163767,9.531769886905964,10.150905400046518,10.261112082810898,7.655493458462443,9.704915303350582,9.292337715402622
4,959.621617469461,1,49.62161746945653,49.62161746945653,9.611624367484819,9.656140244861588,8.863560163001296,9.71779169615579,9.188446582913528,9.673116851885192
4,970.7605239035349,1,49.5854103174928,51.524615407234165,10.001354282527114,10.278925949636637,9.560409296452637,9.27213662057322,8.920660692460535,10.862421697981494
4,980.0650145309111,1,48.220634727276014,50.29297158529282,9.868270752460665,10.410696902406656,8.310410971002206,9.16118057558051,7.721669928565577,7.862079996558894
4,987.2066063728655,1,42.82755719318006,49.315037459378935,10.136687915935877,10.074697085737148,9.77828769110767,11.924696937899428,9.41809806739708,9.59555575156691
4,996.1668916742518,1,45.53746912952475,50.488628645907184,9.744321137124835,10.22718561596866,10.899820068068514,12.079648703944518,8.800783995747853,10.290229563304024
4,1007.9427536028754,1,48.59528794416383,48.504687623782054,9.834048955333188,9.803088278646575,9.187230144228584,7.969653887758019,10.469753513613403,8.30260939569644
4,1017.5015903257932,1,48.806861909175545,48.77016627190107,9.65057011452737,10.306875941856322,11.185015110631573,10.156503831322398,8.632865248944906,9.515380738356841
4,1029.5914770176691,1,46.808245781642,50.161536427453306,10.161486805488716,9.999451328955848,7.736390066576149,9.576391515731808,12.174537016358636,8.68520127051574
4,1035.1657996008985,1,40.37798859540247,50.05033406105015,9.672345465647572,9.981825457108597,8.970494241312872,9.933505490214174,10.560959566256455,8.370146270131496
